$ANSIBLE_VAULT;1.1;AES256
31333966393437326130626439303030653335393231393533663136316136303134643233623038
3936396166366631336238653839333162636136336332310a363635303166663930373864656166
36663335663239666666393830353133663032663937363038383338353431653633343630363730
3330663935626665350a643865363130663434373332316436633266326231333934666439336265
39656134303866623261353562376264616161633933346135313632356438663335386161653738
63333463353833303634623063353864373639656566663731383936363863303561363130366336
38636666313563643038323033333637323138326133333737623363356432333336313166386432
36386163666565646234613661623938323732386432626337636132353862616361636534653465
65353338656635353364353362343937366233303639356332626462623162373433333361346137
31383734346463373035336635356662326666613834643136336237663630333830373831633565
66336236316361396362333934643434656338663633626535313834386131633433383130623132
65343436613435623562626661303065656636313237623662633437356465333037623037363366
33666136386634386534636333356662636562633639623330633630396233653764366661643032
30643338646335323666363632313230303765336363383565303031643763646338666430613231
38383839356533663334636435383139333531373561393161613663303266303933613731643365
66366263616561303832623030386337333435663637643233363039663232356264376536636532
33326365336563343261333638623934383530366634343464303231303339323762646234623165
61643236376135303339393431333966396331633164366636653339323330363136613265633863
39353163633264376137306431373263336261343765363634306637663061343236313034373531
61313238366432636335323931346165343239386461663737646334613934636631313039373738
35363362373962393831623131363238646161663565656634313762633732646538613439643535
64346535363238343132363930316463343764306536323539303766303934383365666134353564
32616230386439623030633066306631616266353932643333336463306462303336626463663262
32613035666535353561
